1
2
3
4
5
6
13
14
15
16
27
28
29
30
45
46
62
63
80
81
98
116
117
135
136
154
155
173
174
175
179
180
181
182
198
200
201
207
208
211
212
228
229
230
238
257
258
267
268
286
287
297
298
316
317
328
329
346
347
358
359
376
377
390
406
407
420
421
435
436
450
451
465
466
480
481
495
496
511
512
526
527
543
544
558
575
576
590
591
608
609
623
624
641
642
656
657
658
677
690
691
693
694
713
714
723
724
725
726
729
730
750
751
755
756
757
758
759
760
761
767
768
788
789
791
792
793
794
795
806
807
827
830
845
846
884
944
963
983
984
1002
1003
1023
1024
1042
1043
1063
1064
1082
1102
1103
1122
1141
1142
1161
1162
1181
1182
1201
1202
1220
1221
1240
1241
1259
1260
1279
1280
1297
1298
1317
1318
1335
1336
1355
1356
1372
1373
1391
1392
1408
1409
1427
1428
1443
1444
1462
1463
1478
1479
1497
1498
1531
1532
1565
1566
1598
1599
1630
1631
1661
1662
1663
1664
1692
1693
1694
1721
1722
1723
1724
1751
1752
1780
1781
1810
1840
1841
1872
1873
1904
1905
1936
1937
1938
1970
1971
2004
2005
2039
2040
2075
2076
2077
2113
2114
2115
2153
2154
2193
2194
2234
2235
2275
2276
2297
2298
2299
2317
2318
2337
2338
2339
2357
2358
2377
2378
2395
2396
2414
2415
2431
2432
2450
2451
2467
2468
2485
2486
2501
2502
2518
2519
2534
2535
2536
2552
2553
2568
2569
2584
2585
2600
2601
2615
2616
2630
2631
2646
2647
2648
2662
2676
2677
2690
2691
2705
2706
2718
2719
2720
2733
2734
2746
2747
2760
2761
2772
2773
2774
2786
2787
2799
2800
2812
2813
2824
2825
2826
2837
2838
2839
2850
2862
2863
2874
2875
2876
2887
2888
2899
2900
2910
2911
2922
2923
2933
2934
2944
2945
2946
2956
2957
2958
2968
2969
2980
2981
2991
2992
3002
3003
3013
3014
3024
3025
3035
3036
3046
3047
3057
3058
3069
3070
3071
3080
3081
3092
3101
3102
3103
3113
3114
3124
3125
3136
3137
3147
3148
3159
3160
3169
3170
3180
3181
3190
3191
3201
3202
3212
3213
3223
3224
3234
3235
3245
3246
3255
3256
3266
3267
3276
3277
3287
3297
3298
3307
3308
3318
3319
3328
3329
3338
3339
3347
3348
3357
3358
3365
3366
3375
3376
3382
3383
3391
3392
3397
3398
3406
3407
3413
3414
3415
3416
3422
3423
3429
3430
3436
3437
3445
3452
3453
3461
3462
3469
3470
3471
3480
3481
3489
3490
3501
3502
3511
3512
3513
3525
3537
3538
3563
3564
3565
3566
3567
3568
3569
3570
3571
3572
3573
3574
3575
3576
3577
3578
3579
3580
3581
3582
3583
3584
3585
3586
3587
